1415373970
8017218302
7107163230
8036926793
8404405348
8755070894
8769345515
8372178149
7163318614
7342640890
7259317119
8475926949
8793471930
7947273194
8393524331
5893296712
8006983192
6313224762
8327704101
7268726189
8351224263
8728623909
8139560879
8776513554
8562102006
8045451928
8659421905
8560222455
7047559226
8188623215
8554494654
8342426391
8060028460
8331288550
8465206192
8549411793
8453334741
8668145605
7912839765
8386658274
8136954806
7502880850
8338044839
8583630015
8200770759
6514144927
8623995933
8706683479
8260574035
8144604364
7795952548
8020661689
8239352755
6934185890
8206652257
7598685419
8724882143
8248662891
7882707028
6429073418
8799317041
8376284744
8516827786
8734185186
8270054119
8313619842
1238972403
8609831350
7945551073
6193994183
2057451925
5951724652
8580136499
565232222
2051334026
6585717283
8015838993
8142820731
6235862688
8410439839
8537892997
8084720117
8419365064
8655497330
8585983084
8429824224
8416673408
8073914638
8136470970
6024285783
8793953388
8545144173
7349952405
6010717223
7908722521
8557519638
2008539561
6908920111
8294059281
1623292287
6831368945
8585290821
1163356702
8665507278
8245397915
7116212746
8397456799
8584919450
7353422590
5846994985
7656345898
1458667173
8758690014
8314001292
6686737481
8483693602
7919790514
8642850210
8741383624
8761704299
7376297024
8055472034
8017461192
8048884617
8364364931
8362404918
8628021951
584397719
6964291312
6890251169
8538923177
8444539493
7978976601
8064592227
7208041362
6895318153
8174459388
8458124067
7328508216
7327441370
5745495018
7960038497
7399792470
6399744609
8537755492
6726518016
7084924858
8548367965
1165068971
8061482043
7248289451
8585300109
8509031599
7509218824
8310719940
7532966869
8491495710
7215699178
955669663
8755010892
6541131026
8339095862
7199609195
8635282333
6020791178
6669708200
8586758749
8093778298
7037048127
8594227370
8621030444
6698669501
8256578410
8056336457
7691148668
6715628454
8314640366
5080593769
7765109003
7746598736
5503559741
7973025887
5948470052
8250442991
5325902904
8036085679
6423064002
8083147574
8489419226
7993358648
7374075589
8572601500
8515732019
8026900418
5863231032
7064079739
8153295628
5675034569
1355100850
8567780750
5853886947
7666712577
7001757488
6703172197
7884453586
8078759493
6475680423
5033525038
8440695177
6211460173
6473139500
8452640009
8383117309
6497099624
8236303346
6602199210
5596076647
6183593488
7553694766
8397270455
7841608580
8289389082
7504386706
7145370940
6542261562
8002331480
8173747481
8433092121
6457436055
8339906717
6958920842
7394332788
8163359784
7252311496
6894053673
6240398571
7403493568
6930258536
7287920054
7986835012
8143102095
8089262311
7469603356
7877516517
8560215567
908029734
7000713100
1939603735
8299638861
8263972311
8376776392
7045467198
8374744667
7686710969
5859121156
6777578528
8557437067
8377789780
7555048381
8413769260
5824451429
8004003548
6850987670
8060092718
1939324595
5198953124
6221700187
7639786295
5031062395
8512711773
8397206502
427137380
8532943366
8106615934
5818431365
8432204621
8502405382
7919554862
7994412749
7061084612
7217101245
5340373515
7275198342
8549874470
6350122610
8107768646
6672799255
5676867139
7992171573
8178730785
1570680894
7279721174
6972872280
8400398604
7779003053
7967282570
549144772
5608376820
7222823007
6667804810
7902581891
8326229416
8261897473
6708010843
8460386517
8481115876
8402617450
8235495322
7233305653
6264608865
7263222345
5548261029
5683168743
8215669899
7001380577
904076247
6184574884
8284629583
5004967591
5207901806
1125309328
7735996381
7679312839
8541923388
7692404488
5352632323
7995644025
1780720901
8000586458
7428683547
7688777205
8529770517
5667228054
8154737929
5947154269
7410105403
5687530143
8219430290
7126922068
8045691931
6895383960
6789421293
7904461064
8011712919
6039640652
8423935049
6037722872
8246275462
8180478050
161116526
2065759416
5805958846
6727670600
8479524768
8324580754
7558445141
7560327467
7030819802
6751811124
8475594821
8400189731
6006155920
6803487340
6610103898
6585607490
6104174594
8506828450
1275034587
7086809546
8542810407
7618914828
7247946695
6534787999
5884597180
7952376838
8339969121
8455920950
8529732388
8554379125
8535360781
8541592758
5482319499
7410362227
8368116771
8532061683
8097666914
5461381960
8082747135
1289411119
7974800165
8550037946
1605724938
7622470665
8555523674
6354787348
8248638960
5696691527
7311535819
8361549466
8444216347
7064841025
8533045653
8487739104
6946101864
8435611182
8488596638
8569561354
6619058297
8566651201
8340554569
6487523093
8214153232
8539585743
7037815133
8354576426
8450443634
6417737281
8200823701
7545397476
8508631837
5603049462
2046311152
8205297374
7473098003
8165909419
8009814546
8503429825
8468249615
1752393619
7431206554
7648667653
7537613283
8397238703
2025924019
7733839357
1122333594
8416951497
7876575448
7856768999
6903020013
7271512666
8415434675
8208754407
8474996141
8346794283
8297289055
8520027169
2074980252
6710758647
5920509232
8440667893
8079528975
1477139844
7578960431
5042791490
5609035579
8143148808
8510685924
721934432
8536931633
7977921376
8215761822
8200428639
8283529050
8527936811
7777014090
5790299516
7785426631
6349516353
353932227
7243505662
8578200657
5148856438
8509742195
8533750244
7500835848
6327494653
5641015336
7647063993
8501093284
8409107406
6983294819
1695490175
8430443540
8510513896
92228278
7683064561
6718262068
8535723745
1141605579
6088604191
5954730855
5230266038
8372952346
8528950973
5686178022
6052049698
6518424425
7424734679
8371126783
8584473805
6965104774
8284360391
6751276419
8522594474
8200251374
2097146679
6019872958
8560521186
7167835882
6024280667
8209734635
6837985447
8566805731
7986736546
7361674968
7228200426
8062287657
7625917889
7369098824
7461907451
8535420804
7376274376
8336592489
7816064740
219989471
7501345801
7324174202
505418694
6833417043
369086781
7314624659
1787002044
5331228512
7779044513
6472957385
1029936808
5926539247
7621056336
7454986929
8489433795
8184136105
5261503537
8307524301
6682119850
7656965127
5154058504
8478384260
6928750065
5993111427
2062876173
5667811446
8309880958
1273547593
1459610219
7656089345
7770038033
6840718815
5712985898
7048224570
6430227684
7441007133
5205917346
7202165139
7984639183
7667455344
8447063405
8031625659
7078648167
6312210099
5075479273
5773089016
7969149929
5585564482
647385206
8593757208
8302004705
6032850940
5966173276
7665026503
7609881679
5208932347
7724398327
6393417826
7258293655
8534038031
7770171060
1794625090
6887609908
6483425459
6308445927
8538285806
6923321289
7649339061
1404847839
5695500026
6088655086
6491583309
5167477305
7388523444
7152132142
7808552503
7833417750
1913054942
6331398415
8415440482
6480270254
8397750419
7559334501
6105381113
6937457180
6949161537
1977647810
6852337687
7414238870
8016269979
8445705384
6559760631
7169695343
6576506894
8578810181
8328750096
8450414795
5298638651
8081911142
5617254396
6153954825
8450029924
7892142867
7787097354
6253598777
5193923308
6915046602
6678707817
909732305
8527030156
8208965398
7101829097
5557930119
7659955492
792308069
5822715013
7750878586
5262328436
160270238
8452738483
2122710949
7707423847
8115624027
1878596789
7764280369
8313865930
7700713988
7104647118
1513824590
7422609319
8111770861
8044565098
8177691727
8439516188
7935396632
6542921089
7226926865
686070172
6237279838
6403630539
8087217332
1969746739
7890322768
7285423675
8008950336
7757298123
7861407855
1746950555
8349449042
7792838274
1086494597
1000966088
5919429583
5174104435
5629007447
1375607060
6199084390
5613145535
8310243416
5688831968
5540834457
7260349303
5213294295
6421359385
6067163901
6922401022
8400230412
8017845017
1867715860
6638905784
5424202433
8049876705
8510727587
7820368169
1316600437
7019550048
8078325275
6028618273
8576356227
7659893999
5710051481
6967920894
8448081942
5474497320
7242657817
8429362067
8540409970
5646475318
5214199310
8001570483
5382644694
1737571007
7529747415
8362102794
6305409841
8073419886
896164206
6988611718
5480392882
7639902184
7631420649
5780980786
7704676312
8200912731
8254450489
7052970984
6501264614
7362241388
1297033478
7813403720
7853566530
7273225112
5232441886
6256193550
8019240431
8499135557
7726847301
2044264673
5207246191
1456085741
1164599692
6301003551
6235208953
7840156528
7942288148
8069712066
8390420409
745853057
7563608533
7756740007
7895201961
7486408200
7556072290
2114455573
1072662953
8319019565
8290772702
7163367754
6650050080
6084905511
7799135570
6647544554
5808902663
6683680890
7664197236
7355512008
7168907227
7799219545
7381266216
7134549206
8092759312
8323866419
5539470706
8495259579
1196524241
7812936512
7340230368
7312679424
6934862370
8282848782
6529344042
253227562
6143075847
7073307338
8085632270
6991954602
6126747910
6720866639
6968746553
7993753163
6540697671
8091286580
6161996216
5969614256
7575184282
7978283517
5393478398
7909681185
5937389355
7604407486
1008941206
7782296154
5378117730
7300066149
5918535213
7009169817
7640097037
6807169769
6704861465
6882667657
7608573374
7236774289
6063599745
377625404
7558006446
6234341139
6610249127
7165252257
8016673570
6302713323
6836346409
8166149828
6825536756
7061451931
7536162617
6232507342
5762143501
8191380538
7988939947
7772149655
5185709182
7406796087
5574575923
5985897766
7118698579
1167732992
5180999403
1796090416
2090592233
6875959653
8178546297
6999711866
7754313694
6640979484
6728771350
2136938560
7397090131
7440490823
6514516204
1371752703
5034921700
7487984179
5188874967
5913305940
6822719217
7523592543
5998753794
5742831156
6520367833
1929733722
8002335690
1224594285
7415013723
5850032772
8024497223
1250435500
711108381
7887340243
7453595381
6116277426
651436256
6183802717
7375953289
7358425487
7064184149
5441611129
7848930885
6232043140
7819927773
5968417176
7937397652
6285002644
6459233092
7089239800
6093093108
7807496579
7988343840
7138756607
7876580001
6988216406
7793961870
7005536405
5244448255
6842382084
5205487300
7094036891
5128536381
8118782415
7936385078
2135735222
6609606168
8066671718
8137594647
7293404054
7149826738
5508092937
6234245334
6353560986
1007676257
6878760677
7641491714
5981034046
7814721865
6442607662
632277151
5874689687
5690725489
5331165477
6685320931
890402200
6411512684
6157825913
6554231970
6788806069
7481065537
5122739620
7072802272
7127330823
6642287458
7361912435
7434705398
5851506813
708213905
7304458723
6564668211
7402470180
7754062127
5924889462
7523851965
6954027469
7846806288
2078770249
1417661680
5903041667
1623696058
7926440305
6124867802
2105562003
6247158532
6507308062
6951017981
6260639950
1206420724
6558221869
148499593
6440861829
6160275231
7401831948
6539427027
6128565214
6812354756
6068642137
6226399184
5911079915
6600378171
6903647857
6694232184
6249583174
6356772651
6176408681
1298171628
6857992778
2030036239
7055166388
7240924767
6527317249
6039125456
1545775364
6153541439
5553219974
5150080474
6728549048
5808244982
6385712285
7379119545
6832928985
6492079267
5267302050
6338730761
7002841754
5020403407
7222321303
2111010746
1439438618
1845960948
5501869157
5611931555
6950428613
6416573473
1368454754
6357379965
6052488231
6245715381
6369544639
1772459915
6444075497
6560759517
7076013672
2076415129
1084997974
7078006794
6698196511
5615298667
665608491
7091706559
6946074091
6392303796
5183091119
1873274297
5280521704
6358257491
752135442
6800073645
817221335
6168448040
5635643192
6700128173
1434303646
841434422
6982392939
6917911521
6207292799
6695756564
6880473332
5412699232
6175013401
419661367
5849758279
6441331497
6691355091
6257989614
2003339066
6015640795
6673630541
6182834860
6876737649
1835501672
2016536783
5838531243
5429652377
6427258446
6310690260
6277592185
6175943894
6063498287
6062207091
6047300860
5754232114
5201352713
5029246942
5011572238
5996881382
6212788693
5824634446
1600754050
6135056610
1881781071
6432236751
6267909423
5483464386
6088357149
6046396612
643437631
5174756834
5475838578
6833753019
5198647409
1916947327
6216308977
6444100419
1789533566
1507701512
6468623981
6526632162
1314936370
5825964237
1639611276
6751757347
6928451694
6487712094
5866447305
851011860
6323743366
6906433511
6862741698
796210620
6346378426
6547487964
6031349784
5769007319
6274127396
5477543314
6520918445
5948411016
611208426
5858512816
5173532008
5749354650
5048401410
6147528101
1598881127
6176281327
6083160350
5994222943
1727633730
5950429232
5928883398
5933712367
